10001
10002
10004
10006
10009
10010
10011
10012
10014
10015
10018
763
765
992
9929
9930
9932
9933
9939
9941
9942
9943
9944
9945
9946
9947
9948
9951
9958
9959
9960
9965
9966
9968
9970
9971
9972
9973
9974
9975
9976
9978
9979
9980
9983
9985
9986
9987
9988
9993
9995
9996
9997
9998
9999
9813
9814
9815
9816
9908
9909
9910
9914
9917
9920
9925
9926
9697
9698
9699
9704
9712
9713
9716
9719
9721
9723
9726
9727
9730
9733
9736
9737
9739
9741
9743
9745
9748
9749
9757
9758
9759
9766
9768
9769
9770
9774
9775
9776
9778
9779
9781
9782
9784
9785
9793
9794
9796
9798
9800
9801
9803
9804
9811
9584
9586
9587
9589
9591
9592
9594
9595
9596
9597
9598
9600
9602
9606
9607
9612
9619
9620
9625
9628
9629
9632
9634
9637
9640
9643
9649
9653
9655
9657
9659
9665
9669
9391
9394
9395
9399
9404
9409
9412
9416
9427
9433
9437
9442
9453
9470
9481
9506
9507
9510
9512
9517
9518
9520
9521
9522
9523
9524
9526
9527
9528
9529
9534
9535
9537
9539
9542
9544
9546
9547
9548
9549
9553
9555
9557
9559
9560
9562
9564
9565
9567
9568
9574
9576
9577
9579
9581
9582
8240
8247
8249
8256
8311
8312
8334
8351
8354
8357
8366
8369
8376
8386
8387
8422
8424
9057
9058
9102
9104
9128
9130
9133
9321
9371
9386
7255
7258
7268
7273
7282
7287
7288
7296
7298
7314
7316
7319
7320
7322
7323
7328
7333
7344
7346
7347
7349
7353
7372
7373
7378
7382
7384
7387
7394
7396
7404
7411
7413
7418
7424
7516
7517
7520
8214
8222
8230
8231
6940
6944
6945
6951
6956
6958
6959
6961
6963
6967
6968
6970
6973
6974
6975
6979
6981
6984
6987
7000
7002
7003
7008
7013
7025
7028
7031
7036
7058
7062
7063
7064
7071
7077
7092
7096
7106
7111
7120
7125
7126
7127
7143
7164
7165
7177
7186
7192
7199
7202
7203
7207
7209
7213
7217
7218
7231
6145
6150
6151
6154
6177
6180
6184
6195
6209
6216
6241
6242
6243
6244
6390
6396
6424
6434
6445
6898
6901
6903
6909
6911
6915
6922
6929
6931
6932
6938
5768
5772
5784
5811
5830
5867
5874
5890
5893
5907
5950
5984
6009
6023
6025
6034
6035
6040
6043
6069
6071
6073
6074
6076
6086
6088
6108
1066
5151
5165
5253
5276
5644
5726
108
139
159
265
410
428
430
766
768
772
88
