-0.547283943087712 0.676462783715548
-1.24880967649608 0.660751127140255
0.495994970858257 0.85331668599905
2.13010112712205 -1.0402029655509
0.453053519076802 -0.504322046077778
0.39705550482904 0.280037647305782
0.0928529204072985 -0.569639391029776
1.13195569577016 -1.39536012925392
2.19642938276146 0.732834874699041
-0.467270831482382 0.826498615250957
0.569705364461549 0.637484160962377
NA 0.0817605937711577
-0.410931929430603 -0.774565430336672
-0.390146024464889 1.10728569748129
-0.183262780376603 0.0188479450129041
-0.72763551415159 -0.138653062050402
0.0992769649643386 -0.352703444285826
-0.11213762424543 -0.490104222390551
-0.255328502173716 0.692343235439714
0.349064594388392 -0.749370236217925
0.577242707940194 -0.228125248373671
-2.02015466637175 0.684381435181695
-0.539871412201061 1.08438193805418
-0.78727235533042 -0.0502793875121558
-0.662496524885315 1.28728494937976
0.662496524885315 -1.21843781023276
-0.577242707940194 1.93793151085283
0.235558202688848 -1.41218757890616
-0.813700885912227 0.208822935409233
0.403983993375236 0.0880655697240946
NA -1.11895838106256
0.242137696702578 0.0439901182953111
-0.248727689636916 -0.700349167601609
0.0671923547102274 -1.08438193805418
-0.607728817449474 -0.880762990060751
0.10570510917482 -0.33936359555215
-1.3531102606892 0.234577930102047
1.45594377446822 -1.50302700549604
0.761382609686426 -1.58581203457578
NA 1.79482426009978
0.539871412201061 -0.540325709662951
0.355868862366476 0.622163161537351
0.607728817449475 -0.393113587488528
2.07200144837793 -1.33170424594767
2.36856705926787 -1.70755309355966
2.49053475428136 -0.997966219604414
0.925719374064747 -1.31660839069554
0.678509062745418 1.30180674888568
1.32183082961491 -0.189598120462421
1.0180094411065 -1.65588869757704
1.93028585605758 -0.125977956843893
-0.383255120187112 0.228125248373671
1.38577268183732 -1.44709729982134
1.03972133017361 -1.28728494937976
1.07324040712914 -1.54309792741113
NA -0.629805181541147
1.11990299461378 -0.280037647305782
-1.45594377446822 0.125977956843893
1.0962733150227 -1.56409829548957
-0.10570510917482 -1.14277304728026
1.18190121974224 -1.93793151085283
NA -1.23174297027651
1.55520203763208 -0.70840024256795
0.711070069310371 -1.0957619651456
-1.06193475431766 -0.0691601342034689
1.23498325903329 -1.34710983164697
-0.022382478299418 -0.379575363384967
0.281846486076908 -0.0314165491426016
-0.362689646576041 0.880762990060751
-1.64733213634709 -0.817690678247038
-0.51780857233137 -0.1006862853518
-3.01722303430046 -0.221682051258171
1.51369962225334 -0.676462783715548
-0.202807220232206 0.967421566101701
-1.97322979126734 1.33170424594767
-0.719328117243882 -0.871541335041964
-0.176763859962823 -0.018847945012904
-1.0180094411065 0.490104222390551
-0.00959183690452875 0.577043937955507
-0.600055290569705 1.52275685090847
-1.51369962225334 0.427283386002515
0.288506332751193 0.554922942702654
-1.72691086146009 0.4619596232051
-1.00733147283728 0.28657717914942
-0.222429445311278 -0.547609740495866
-0.0992769649643386 -1.20534491953753
0.322004903709845 -0.273510069644667
-1.38577268183732 0
-0.355868862366476 -0.0251317508156183
-0.50323946894753 1.63163266712925
0.0736026900308321 -0.937753841344073
-1.29179377582437 0.987682289851018
0.84071038002398 -0.31946565198796
-0.510510475450064 1.48386547953376
-0.778584538620042 -0.36610635680057
1.89063212053803 2.07925428020628
-0.71107006931037 0.0377025886394482
-2.36856705926787 0.525842714402108
-1.18190121974224 1.05105553864798
-0.678509062745418 0.700349167601609
-0.670481304533688 -0.741077227185748
-0.328746983275048 -0.606986834803486
-0.0928529204072985 -0.441089962759014
-0.481583231148329 -0.0628641447183669
0.915948556213914 -0.947550382133429
-1.81922210959573 -0.372832405372093
-0.39705550482904 0.386335624226698
-1.57699829076168 0.629805181541147
-0.702860230919099 -0.591949042538102
-0.495994970858257 -0.66858632462351
0.125016858263683 -0.614557304806438
-1.89063212053803 0.157708227796425
-0.474414883506363 0.599450993867666
0.137916863723685 -2.37510708419477
-0.906264409898176 -0.132312852276171
-1.03972133017361 -1.13078554977424
-0.308564194459005 -0.119648113039842
-1.55520203763208 0.766113077130777
-0.996767141482868 -0.420410685160737
NA -0.724642010419072
-1.20801675834633 0.871541335041964
-1.19485712407579 1.31660839069554
0.945531190020211 -1.06203333682735
-0.84071038002398 0.0314165491426018
-0.98631289921053 -0.00628231770185542
-0.0864327054921867 -0.862393205969493
-1.15656781138514 -0.716497500177991
-0.887146559018876 1.41218757890616
-0.532488427087546 -0.293128989749246
-1.27720293169397 1.17976111761186
-2.13010112712205 0.937753841344073
-1.49389111302824 0.0251317508156183
-0.97596535587237 0.372832405372093
-0.525134353869683 0.34602582286066
-0.877708296796082 -0.826498615250957
-1.62298862399989 -1.3628419377465
-1.93028585605758 0.899434907667234
-0.460150548761214 0.928046482316424
-0.849850582263847 0.326083867695166
-0.694697495441919 0.468960676235104
-1.14417511675919 0.113323059587658
-1.08468493037942 0.36610635680057
-1.07324040712914 1.7351922038921
-2.07200144837793 0.835371143572111
-0.630968341770701 -0.468960676235104
0.261940458464405 -0.497200570681554
-0.00319723538931375 0.997966219604414
-0.349064594388392 -0.890060159587021
-1.26287904150608 0.606986834803486
0.769955094508625 0.774565430336672
-0.376382366899887 0.716497500177991
0.369527346283202 2.02754686928399
-0.43189692948271 0.533070234972238
0.080016051321401 1.76422422570739
-0.453053519076802 1.3628419377465
-1.67269296384043 0.0502793875121558
-0.686580787711481 -0.144998850397004
-0.131464126345097 0.306270765356875
-0.735993433683814 0.70840024256795
-0.369527346283202 -0.766113077130777
0.275199117017603 0.504322046077778
-0.288506332751194 -1.2730296553877
-0.261940458464404 -0.554922942702654
-0.424887938979934 -0.306270765356875
-1.59957058823749 0.862393205969493
0.118574782660205 -0.176820835190442
-1.43773166808791 1.37891877248724
-1.3373069939617 1.21843781023276
-0.445979235882643 0.151350483143547
-1.40267328999232 0.0125648833634165
-0.322004903709845 0.562265945190949
-0.654553762331029 1.13078554977424
-0.769955094508625 -0.75771510579213
-2.66700465327428 0.144998850397004
1.53412054435255 -1.98075239664728
1.474652017042 -0.247512940158709
-0.584812989300606 -0.577043937955507
-1.78673956104805 0.359396830291548
-2.19642938276146 -0.0565706461743113
-1.32183082961491 0.844309926467412
0.474414883506363 0.176820835190442
-1.13195569577016 1.02947154298133
-0.281846486076908 -0.599450993867666
0.859062341533284 0.475984791274305
1.06193475431766 -1.86162021656231
1.24880967649608 -1.89839467721423
0.623184531790679 -1.02947154298133
0.89666451853592 -0.399909659166868
0.735993433683814 -1.7351922038921
-0.868347581277608 -0.533070234972238
-0.0800160513214011 1.56409829548957
-0.417899759793228 -0.260489497511645
-0.315277429545878 0.189598120462421
0.955577537940432 -0.584480258899431
-0.125016858263683 1.01885738688099
-0.235558202688848 1.16725409881288
0.00319723538931389 -0.448024744793407
0.906264409898176 -1.15492705105584
1.10801082046986 -1.48386547953376
-0.56970536446155 -0.791638607743375
-0.623184531790679 -0.413557785039879
1.49389111302824 0.977501769825234
0.525134353869683 0.890060159587021
-0.488776411114669 -1.07314063810539
0.170272396854229 0.0565706461743114
1.78673956104805 -1.82720353259824
0.547283943087712 0.75771510579213
-0.0736026900308321 0.817690678247038
-0.0415759639060997 -0.299693407621229
0.0223824782994179 0.584480258899431
0.176763859962823 0.332716397182963
2.66700465327428 -1.52275685090847
3.01722303430045 -2.28086577088399
1.22138898560102 -1.42942469242435
0.0864327054921868 0.312861399760112
1.3373069939617 -2.07925428020628
1.57699829076168 -1.68116005723126
0.813700885912227 -0.928046482316424
0.481583231148329 0.273510069644667
1.62298862399989 -0.386335624226698
0.0607847793242762 1.34710983164697
1.97322979126733 -0.19599825882676
1.64733213634709 -0.434176328851766
2.27411315965546 -3.02258393676827
0.787272355330421 -0.844309926467412
1.43773166808791 -2.13720337530673
2.02015466637175 -1.46523379268552
0.80482899480687 -0.800262202773895
1.72691086146009 -0.692343235439714
0.2289888902609 -0.475984791274305
-0.744403085199995 NA
-0.2289888902609 1.39536012925392
-1.53412054435255 -0.234577930102046
-2.49053475428136 1.65588869757704
0.72763551415159 -0.183205739040484
1.6991776601113 0.260489497511645
0.183262780376603 -0.253995872452667
-0.0671923547102274 -1.25902846627152
0.654553762331029 0.0943740485029919
0.97596535587237 0.947550382133429
-0.196284164632543 0.299693407621229
0.43189692948271 -0.332716397182963
0.778584538620042 -0.511469190920836
0.00959183690452875 0.107002536570098
0.11213762424543 1.68116005723126
0.752865715340722 -0.4619596232051
-0.215879556843014 NA
0.831639879678427 0.069160134203469
1.19485712407579 -2.67294770758682
-0.342276449324523 2.49681791835971
NA -2.2033665717876
0.255328502173716 -0.0943740485029917
NA -1.63163266712925
1.16914072360772 0.454981140306428
1.14417511675919 -1.01885738688099
0.98631289921053 -1.16725409881288
1.40267328999232 -1.79482426009978
0.131464126345097 1.98075239664728
-0.335504039615559 NA
0.638790570017413 -1.24526983079917
NA NA
0.315277429545878 0.293128989749246
1.08468493037942 0.399909659166868
1.26287904150608 -2.02754686928399
NA 0.253995872452667
1.15656781138514 -0.427283386002515
1.81922210959573 0.420410685160737
0.51780857233137 -0.645200916293897
1.59957058823749 -1.10728569748129
0.877708296796082 0.33936359555215
0.670481304533687 0.918425797492325
NA -1.30180674888568
1.05076323113963 1.89839467721423
0.445979235882643 -1.60830030657769
-0.80482899480687 1.54309792741113
0.996767141482868 -1.76422422570739
1.3531102606892 0.247512940158709
0.157310684610171 0.749370236217925
-0.0351767826776555 1.46523379268552
-0.0543796986343524 1.2730296553877
0.822637291074067 -1.05105553864798
0.335504039615559 1.07314063810539
0.410931929430603 -0.918425797492325
-1.474652017042 2.67294770758682
1.20801675834633 0.266994125404953
0.295179000488646 1.00835679174492
0.630968341770701 -0.043990118295311
0.362689646576041 0.569639391029776
1.02880476200584 1.14277304728026
0.248727689636916 -0.0377025886394482
0.383255120187112 -0.157708227796425
0.79602000451546 0.645200916293897
0.965721269573886 -0.359396830291548
0.61543829749622 0.132312852276171
0.554726667773718 -0.0125648833634165
0.50323946894753 1.23174297027651
0.163788101024086 1.0402029655509
-0.403983993375236 0.00628231770185556
0.308564194459005 2.2033665717876
-0.64665208107854 -0.326083867695166
0.144375348835185 0.183205739040484
0.719328117243882 -0.652956285160606
0.686580787711481 1.11895838106256
0.0159868306669301 1.24526983079917
0.376382366899886 -0.967421566101701
0.0415759639060997 0.614557304806438
0.268563886255552 -0.0880655697240946
0.460150548761214 0.511469190920836
0.196284164632543 0.20240643579414
1.75603968477731 0.51864255869363
-0.157310684610171 1.06203333682735
0.467270831482381 -0.732834874699041
0.202807220232206 0.138653062050402
-0.189769450383731 1.82720353259824
-1.11990299461378 -0.684381435181695
0.935579378768687 -0.62216316153735
0.646652081078541 1.70755309355966
0.562200248941961 1.19245545599642
0.0479768481208574 -0.0817605937711575
0.209338916855384 -0.454981140306428
0.301864837010741 -1.19245545599642
0.390146024464889 -0.51864255869363
0.417899759793228 0.19599825882676
0.702860230919099 -0.286577179149419
0.0543796986343523 -0.808945725346053
0.849850582263847 -0.977501769825234
0.342276449324523 1.42942469242435
-0.144375348835185 1.20534491953753
-1.6991776601113 0.908889377852921
-0.268563886255552 0.31946565198796
-0.945531190020211 -0.0754588663820661
-0.915948556213914 0.800262202773895
-1.16914072360772 0.379575363384967
-1.05076323113963 1.15492705105584
-0.163788101024086 0.724642010419072
-0.554726667773718 2.37510708419477
-0.935579378768687 0.783073486139899
-1.36925887785929 0.448024744793407
-0.965721269573886 0.241040393886027
-1.10801082046986 1.60830030657769
-0.859062341533284 -1.00835679174492
0.0287790416121531 1.86162021656231
-0.955577537940432 -0.266994125404953
-0.79602000451546 0.741077227185748
-0.925719374064747 -0.151350483143547
-1.23498325903329 0.808945725346053
-2.27411315965546 0.540325709662951
-1.41998432376826 -0.783073486139899
-0.822637291074067 0.413557785039879
-0.89666451853592 0.0628641447183669
-0.831639879678427 -0.20240643579414
-0.61543829749622 -0.660751127140255
-0.638790570017414 0.547609740495866
-1.75603968477731 -1.17976111761186
-0.752865715340722 -0.562265945190949
-0.170272396854229 0.0754588663820661
-1.0962733150227 NA
-0.242137696702578 -0.406724251871364
-0.301864837010741 -0.241040393886027
1.00733147283728 -0.637484160962377
-0.592416935382233 0.441089962759014
0.510510475450064 2.13720337530673
-1.02880476200584 0.434176328851766
0.744403085199995 -0.34602582286066
0.222429445311278 0.652956285160606
0.424887938979934 0.957438716409626
-0.562200248941961 -0.899434907667234
-0.0479768481208574 0.497200570681554
-1.22138898560102 0.591949042538102
1.36925887785929 0.119648113039842
-0.0159868306669301 2.28086577088399
0.189769450383731 -0.208822935409233
1.29179377582437 0.1006862853518
-0.275199117017603 3.02258393676828
1.85374597978038 -2.4968179183597
NA -0.85331668599905
1.27720293169397 -0.908889377852921
0.438927202034196 0.164072353623786
0.488776411114669 0.393113587488528
0.150839861819577 -0.957438716409626
-0.209338916855384 0.221682051258171
0.532488427087546 -0.525842714402108
-0.150839861819577 0.483032469637161
0.584812989300606 0.406724251871364
-0.028779041612153 1.50302700549604
-0.118574782660205 -0.215248044196541
1.30666494071289 -0.312861399760112
0.868347581277609 1.0957619651456
0.600055290569705 -0.170443131739819
0.328746983275048 0.170443131739819
0.887146559018876 -0.113323059587658
0.215879556843014 -0.835371143572111
-0.060784779324276 1.44709729982134
-0.137916863723686 1.58581203457578
0.0351767826776557 -0.483032469637161
0.694697495441919 0.215248044196541
0.592416935382233 1.25902846627152
1.41998432376826 0.791638607743375
1.67269296384043 -0.987682289851018
-1.30666494071289 -0.107002536570098
-1.85374597978038 0.66858632462351
-0.438927202034196 -1.37891877248724
-0.761382609686426 -0.164072353623786
-0.295179000488646 0.352703444285826
